1 2715 959 1084 3716 2801 1210 3938 4016 2285 868 2319 240 3702 2447 2321 3270 3271 1181 884 1470 3665 3883 2262 4013 3303 2268 2320 878 1770 1789 1791 228 235 3885 2445 2297 2823 3312 2810 3696 3697 2301 1114 1468 1106 4007 2494 1116 2618 531 2733 1786 1191 2256 1460 4004 2790 1178 2498 1203 1772 3304 4023 1472 890 1592 3276 2822 2812 200 2294 1204 2486 1189 913 2820 2565 3305 1219 917 2491 1459 2313 2437 1477 2276 882 241 3285 2788 1175 2283 2306 1087 238 2267 2323 244 1190 1085 2488 2804 1462 2390 2257 232 1197 2278 1795 901 2325 3682 1217 1089 1112 1454 1194 3264 970 967 3693 1080 3674 3689 220 1097 1031 1220 1092 1464 3669 631 1767 3698 2806 2290 1105 3701 1109 2446 4019 3272 1111 3743 2929 2328 880 888 2298 3741 3186 250 920 2824 897 233 2449 4009 2315 1790 1769 896 1195 2443 1102 908 1465 1463 2787 1212 1182 2789 2818 2807 1199 3661 919 1103 1200 2308 1094 2326 2143 3266 2049 2275 38 2792 3278 3672 2793 2280 2304 89 3287 3302 2439 1223 1086 1466 3491 500 2259 1173 2808 184 2258 867 3262 879 2272 3676 370 1799 885 231 2279 1469 3709 3487 1095 2318 964 371 3733 961 2302 3075 358 3280 3882 1196 3670 247 1081 2327 2816 243 3295 1798 2825 1787 3700 3301 3478 915 1449 2266 3267 1452 3699 1108 911 2324 3291 2299 3283 1185 239 2815 2277 3311 2316 905 2441 3691 3720 2289 1221 3273 2450 2269 95 963 236 222 2296 225 1193 2286 1098 3297 3658 3076 2727 1208 1201 3732 1184 3677 2490 873 906 1186 2794 3309 1478 1398 1216 93 1119 1593 2317 2274 246 1471 3290 2309 1451 4006 1453 1393 237 855 4008 3298 907 3659 575 1117 2814 1222 3664 1113 912 2270 1480 1118 1091 1457 199 3668 1179 4010 4017 625 3727 1455 4015 2791 2295 2799 2827 2737 1479 960 180 94 3678 1205 1213 1110 1445 2803 2798 3663 958 2444 201 3695 3286 373 1174 1211 1077 2264 91 2305 3281 1093 3690 2312 1481 3675 886 1601 3492 217 3313 2281 1177 87 1773 870 3886 4018 1783 2265 872 3671 895 2826 1456 3074 192 538 3275 2261 2307 88 918 2817 3686 3687 224 3673 1785 3680 2813 2811 1115 1776 2796 3189 248 2800 1475 3274 1768 914 4020 4014 1775 2809 1467 899 887 4024 1076 845 3055 3684 2786 1777 4005 1437 227 3662 226 1747 229 536 242 1486 1079 2499 4012 2493 1202 92 3660 245 1088 965 3279 3288 871 922 2300 1090 1101 1771 3043 219 218 3293 1198 1187 2310 1104 234 1192 2496 909 4021 4025 3703 875 2485 2495 3048 369 1107 2271 2819 1794 3887 894 892 351
2 1246 1714 1872 714 3082 1239 3756 3077 1053 2555 705 3582 2097 691 3439 3649 2108 3434 620 3606 3755 1564 3814 2099 3252 3609 706 3586 1905 2124 715 4030 3809 1709 3854 1698 2877 704 3571 3559 2106 3632 215 621 3326 2375 4152 1713 3084 3602 3079 3757 3590 303 680 3422 3645 3091 1711 3088 2874 3427 3431 3325 3093 719 712 3087 1245 707 3592 1908 3566 721 1704 2869 1242 1658 4153 693 3092 3572 559 2017 3421 1896 1060 1720 669 3623 3585 3095 77 3765 1828 3574 3569 1497 2767 3760 3580 3653 3626 2102 553 722 1895 3560 3090 3750 2875 3630 3762 1693 1241 1904 3761 2591 3331 3419 3614 3227 3634 3627 2770 1387 3561 3085 554 551 2462 556 697 3573 3619 3078 3766 683 3651 3089 3594 1511 3615 2873 1715 3636 701 3576 3424 3588 3753 699 3620 2554 1717 1825 1240 685 1884 1881 3570 616 3094 2110 1902 711 1699 2014 3855 713 3105 703 3083 3332 3631 698 700 607 1716 3334 3581 2879 2766 3567 1900 695 1718 2015 3810 3564 684 702 3442 3080 3767 552 1873 1701 3652 608 2103 3640 558 1059 2867 2866 1248 3758 2876 2101 1874 1907 609 3604 2870 2769 557 3643 1710 1888 3639 718 1712 709 696 682 1612 3568 1721 694 3584 3333 617 2768 3633 3613 1243 687 2016 1388 623 3578 689 3253 2772 3440 2771 665 1244 2556 3328 3429 710 3575 3812 1822 708 3583 3081 3494 720 3428 3644 2871 2864 560 2872 688 3605 3418 2863 3591 679 1708 686 1702 2107 3565 290 2599 692 622 3593 3096 2115 3323 555 1706 3754 618 1247 3563 1876 717 3635 3579 3618 690 681 729
3 3692 2566 330 4016 868 1483 2319 3702 1588 2321 1100 3493 1232 4013 2268 1284 2823 860 3268 856 2301 2588 1460 2194 3289 1582 1774 2580 1472 1592 314 27 3284 2565 2491 599 1459 3277 910 2573 2323 1190 1085 2488 3035 1462 2257 901 2325 3484 3674 3034 1180 2196 859 1796 968 97 1778 2593 315 1109 1218 1111 2298 2579 920 2315 2288 3537 1599 2787 1797 2489 2308 2275 1082 2797 2329 2562 1527 3310 881 319 2258 867 3262 879 893 2574 3037 1602 2279 544 1095 2318 371 1207 3280 1596 891 3882 2492 3670 445 2192 2594 450 1798 923 2589 1452 862 857 448 911 3291 3739 2277 3685 3720 1587 2303 924 3299 90 861 3269 28 1595 1078 3263 325 447 2260 3677 2490 2311 906 321 2186 1209 327 1573 3307 1448 1216 1780 2560 1585 0 1593 246 1471 2195 2287 1590 855 1577 3298 506 2595 449 877 3296 329 2559 864 889 912 2575 1572 1480 898 2293 199 4017 4015 24 2737 25 3663 1941 3695 3184 1482 373 324 1600 91 2305 969 1598 1597 2312 3675 2193 1783 31 2596 2569 33 1461 2307 3687 1578 2187 504 1785 2813 1580 1776 248 503 1583 914 2577 4014 902 3666 30 2188 1782 3688 3027 23 548 1779 600 4022 1486 3190 3660 245 502 443 2291 2564 1090 1771 2310 1104 3481 909 4025 3694 1575 561 2495 2590 1107 883 3679
4 797 3471 3469 277 2724 1273 3386 3053 2733 810 2194 787 3529 809 3051 793 2497 3056 3526 816 3032 2736 788 3025 817 2179 2012 799 3041 796 534 814 819 3520 3521 3187 2489 815 2721 3523 805 3045 818 367 3000 1792 2192 450 2487 3465 3525 2568 3188 2998 802 794 1920 3476 3536 284 3466 3473 2186 3534 3519 3714 3533 808 3183 3462 790 3522 67 3470 216 3527 1589 3472 539 326 533 3474 803 3050 538 3178 528 530 3531 2187 3460 529 1526 3463 2999 540 3518 535 3190 865 2587 3181 317 2719 2729 2496 792 800
5 3100 385 3226 3121 1843 656 659 1846 1396 3111 390 3120 1840 384 3243 1838 3245 635 301 2633 3104 2600 3246 633 3229 634 3227 1831 653 3242 1827 3234 1225 660 1832 3141 3232 1825 3112 3231 2628 389 1823 2623 643 3140 3238 1845 651 3101 1833 3241 3107 640 2624 3237 642 3236 3233 3108 641 3228 1397 1835 3113 3249 3097 1839 1395 2632 1836 1515 655 1837 1826 3230 1824 1829 388 3116 2627
6 985 1514 2145 591 2201 2544 2687 566 1947 3970 835 392 2690 2086 2197 1942 2670 3974 3967 3969 2746 1251 393 2678 2689 3966 3939 513 514 2662 950 3749 1650 3211 2682 2040 3212 3345 2668 952 1946 2666 2895 512 2330 2749 3210 2676 951 2545 3507 3506 1943 2747 3980 1649 1944 2686 2198 2563 2674 3976 2484 2896 956 2691 2673 1652 2748 3505 2664 3968 2216 2218 2217 3508 955 1288 3972 1507 1252 480 2039 1510 3490 572 957 2671 2684 1945 2688 2669 383 567 2064 953 1506 3489 2681
7 1686 2236 2224 2226 454 749 1307 2173 2237 747 11 2828 756 2832 1391 2583 2156 8 1684 823 48 47 2228 2837 1309 1310 3261 737 2146 1689 2248 1688 1676 2160 2220 1687 764 2238 2169 744 763 2231 2901 741 1679 1675 1979 1685 2848 765 2241 51 2838 2149 2151 2219 746 2166 2233 738 12 2240 2170 3260 745 2227 2165 742 2163 1682 740 2900 1678 1978 7 736 2167 2154 2152 2829 3169 2841 2172 753 2834 2159 820 2230 2235 2148 2150 2175 2225 1673 752 302 2161 2164 755 453 739 452 2147 2168 2174 2902 49 3339 3341 2934 1680 2223 10 4 1681 821 1726 50 762 2255 2153 5 2229
8 630 422 1762 427 2059 1743 158 411 396 161 44 425 3502 1643 414 394 4161 413 2862 438 3150 426 4141 2736 162 1061 1759 1735 1748 415 1644 157 2178 431 1736 335 1870 3498 434 171 416 3501 96 432 2918 420 435 155 2731 3504 1740 165 1752 395 397 1754 1513 1756 421 417 4160 167 409 337 424 1745 629 1758 419 375 428 343 3500 1755 163 437 651 160 164 433 3503 510 168 1984 429 1981 1761 1751 166 2511 1645 430 423 3499 1145 398 644 2717 1083 1753 1763 170 1732 410 3496 61 418 1739 865 2728 154 173 1737 3497 399 1750 169 159 156
9 2436 2839 3394 82 2852 2840 2205 1728 2206 2851 2845 2857 2833 2433 455 48 1725 2856 2854 2203 3823 2849 4091 2858 81 1070 2435 2835 1730 2434 2432 51 2838 3166 2931 2836 2830 2208 2841 1729 2834 2846 2843 2209 3156 453 2844 4093 3155 2207 2933 1726 4092 1071
10 2412 3867 3864 2422 3128 1000 3129 2425 1434 1436 2409 3870 2386 3879 990 2414 3878 3871 3862 3876 3868 2382 2419 991 992 2417 2379 2408 3874 2399 2389 2410 3858 2407 2413 3126 2393 3127 3207 1443 3877 3857 2400 995 2404 2397 2401 3208 3863 2380 1442 3875 2394 1433 2387 2383 2420 2391 2421 3859 1440 996 1432 1003 2392 2403
11 3947 830 1318 674 2031 1321 2028 1326 824 3963 3910 3962 3917 3705 3924 833 3925 3912 3929 826 1331 3908 3935 3948 3922 2026 3915 3923 3949 2469 3957 827 3955 3931 2467 3944 1320 2027 1315 3932 3904 1329 3706 1328 2725 2019 828 3901 673 677 834 1313 3952 3911 3903 2021 1316 2023 2034 3936 3960 3959 3905 3921 2024 829 2029 3956 2465 3942 3958 3943 3928 2468 3916 3927
12 2372 2332 2345 2350 3407 2337 3404 2371 2358 2368 440 3511 2343 3408 2339 2333 2373 2369 3510 2338 2346 3402 2349 3399 3405 2367 3443 2366 3403 3752 2357 2347 2374 3397 3509 3513 2865 3512
13 1351 3382 3364 2145 1360 1358 2677 3343 2967 3351 1301 3380 3554 930 3374 2642 2970 3372 1354 1303 1302 1348 3352 3355 3362 1352 79 2968 3839 1299 3371 3555 3367 1350 3347 3557 3379 1297 3348 3365 1355 1305 3378 3349 3358 3370 1289 3359 3346 3556 3383 3376 3377 3356 931 3381 1294 1292 1295 3366 2965 2963 3558 3361 3360 3344 1300 3357
14 1043 3479 1038 1019 1042 851 2442 2138 2136 2980 1033 2985 842 190 187 2135 194 97 1603 2978 2987 1270 1036 2141 2984 198 1045 1035 2143 2553 843 1021 2610 1037 2974 2134 2989 3478 1025 1040 2977 848 2612 1041 2142 1281 2976 2139 1030 193 181 2607 2979 2551 606 2990 2132 1034 1046 197 199 2983 2133 2609 2617 1028 847 1026 2438 201 2981 2613 1039 2552 189 2988 3477 2550 840 192 844 2975 202 2137 846 2608 196 2982 2130 1024 2614 249 2903 2611 3517 2615 195 1099 2986 1020
15 1951 1959 2735 1956 1973 1954 1960 1950 283 268 537 278 1760 1229 1970 3385 1953 3180 1476 265 1957 627 1948 1447 3185 841 1974 348 2716 1457 2726 3132 256 2909 1962 4072 532 1958 1467 839 1968 1474
16 1368 9 1861 1371 938 2232 1923 1379 937 1934 941 1850 2155 287 1912 754 3891 1862 1365 1370 3194 1859 1914 2847 1901 1374 1922 751 668 1378 2234 933 1855 3894 146 3203 932 1915 1916 2459 1366 1380 1867 1375 942 3339 3794 667 1373 1913 3790 1917 1918 1800 3197 3337
17 4125 4115 4096 4108 4105 4107 2952 2949 2948 4118 4097 4111 2802 4136 4094 4100 4128 4117 4103 4114 4135 4104 2960 2947
18 1058 1498 3813 1898 621 3324 1055 1487 3091 1488 1496 1497 1891 767 1056 1875 1495 615 1492 619 3327 1491 1494 1907 1499 1502 1501 623 1505 1057 618
19 1554 3205 1548 1813 258 2935 1814 1545 2474 1821 2502 1557 1553 2480 1811 1543 1552 2516 3132 3168 3154 2692 2478 2472 1546 1815
20 2461 1050 3541 3538 2061 1663 1660 2263 612 2460 1637 3822 1667 2045 1659 1648 1015 2711 2713 2055 1013 2507 2062 2047 1646 367 1661 3551 1633 2044 2710 1618 2324 1538 2706 1634 2063 1096 1052 3449 176 2708 1012 1630 2048 3548 2739 2056 1014 1668 1126 1632 2053 3821 1075 1074 3546 1617 1626 3543 3552 1017 3667 2046 2709
21 109 1558 4065 98 113 3847 782 2923 254 4066 3850 2659 2504 2992 468 1554 3205 2470 1550 101 1548 2995 339 1813 4074 258 773 114 471 4078 4070 2935 110 1814 3849 103 2512 775 1545 2471 2474 1640 1821 2653 2502 1670 1557 2764 1553 2480 3204 1811 1816 1543 1552 2516 771 469 3132 2656 4089 3168 1544 3154 2692 3852 2477 4069 1555 772 473 252 2478 4085 2472 1344 1546 2463 1815
22 489 2751 456 1402 2752 1431 495 1411 1418 1403 1412 1414 1419 1408 1401 1734 481 483 1430 1422
23 3716 3718 1338 3052 3046 3051 576 916 3036 3032 1271 379 3880 3721 43 3731 3047 3026 3033 3039 3725 3744 372 3045 3709 3733 2805 3881 3713 1733 365 605 3040 3737 1285 3727 1337 3724 3824 2991 2451 3738 378 3031 1335 3735 3030 2821 1775 3734 3049 574 3711 2762 1594 3746 577 3884 1336 3740 3717
24 2120 2106 946 2882 1067 3595 2122 1064 1615 2885 3653 3626 2126 2888 2125 1700 2128 1063 2884 2109 1722 2098 3442 3655 945 3625 3640 3430 2129 1710 1616 2117 2114 2116 3433 2889 1705 3423 1065 3437 3432 3635
25 272 3940 3007 980 3006 973 3008 1540 3258 3004 595 19 3012 1539 982 978 3257 3017 3019 3009 1155 3003 979 3015 3013 593 1542 3018 976 981 14 983 1156
26 1524 2667 2066 2079 2069 2082 1153 1523 1148 2586 2085 1151 1152 1149 2068 1521 2080 400 3798 1150 2071 1522 1518 2072 2078 2070 2074 1154 4026
27 2745 3995 3989 3998 1623 203 2741 2743 3983 1130 2742 1131 3994 3984 2199 4000 2200 3991 3986 3993 2214 3987 3999
28 1691 2043 1047 310 208 210 4158 4150 207 2176 304 311 948 1048 306 2153
29 1413 491 1151 484 1417 496 2754 2760 492 497 2753 490 2757
